0.000000000000000000e+00 1.000000000000000000e+00 1.219969181872567850e-38 0.000000000000000000e+00
0.000000000000000000e+00 1.000000000000000000e+00 5.843421312694671210e-29 0.000000000000000000e+00
0.000000000000000000e+00 1.000000000000000000e+00 2.866929139848322169e-38 0.000000000000000000e+00
0.000000000000000000e+00 1.000000000000000000e+00 9.917441957378908792e-25 0.000000000000000000e+00
0.000000000000000000e+00 1.000000000000000000e+00 1.084930579256134887e-23 0.000000000000000000e+00
0.000000000000000000e+00 1.000000000000000000e+00 6.777091084874836416e-29 0.000000000000000000e+00
0.000000000000000000e+00 1.000000000000000000e+00 4.454268730290905229e-36 0.000000000000000000e+00
0.000000000000000000e+00 1.000000000000000000e+00 1.561868208883664255e-34 0.000000000000000000e+00
0.000000000000000000e+00 1.000000000000000000e+00 1.249728817417111362e-31 0.000000000000000000e+00
0.000000000000000000e+00 1.000000000000000000e+00 5.282009574176976948e-30 0.000000000000000000e+00
0.000000000000000000e+00 1.000000000000000000e+00 1.280788864964199381e-27 0.000000000000000000e+00
0.000000000000000000e+00 1.000000000000000000e+00 6.904112334781742760e-38 0.000000000000000000e+00
0.000000000000000000e+00 1.000000000000000000e+00 7.475667760918795360e-31 0.000000000000000000e+00
0.000000000000000000e+00 1.000000000000000000e+00 4.753055924216560727e-31 0.000000000000000000e+00
0.000000000000000000e+00 1.000000000000000000e+00 4.434378841471350188e-30 0.000000000000000000e+00
0.000000000000000000e+00 1.000000000000000000e+00 3.567918342255110464e-26 0.000000000000000000e+00
0.000000000000000000e+00 1.000000000000000000e+00 4.044383822920084482e-34 0.000000000000000000e+00
0.000000000000000000e+00 1.000000000000000000e+00 2.657137663897632290e-37 0.000000000000000000e+00
0.000000000000000000e+00 1.000000000000000000e+00 7.364662218252001024e-29 0.000000000000000000e+00
0.000000000000000000e+00 1.000000000000000000e+00 2.057952827260969748e-27 0.000000000000000000e+00
0.000000000000000000e+00 1.000000000000000000e+00 1.210895914849843782e-30 0.000000000000000000e+00
0.000000000000000000e+00 1.000000000000000000e+00 1.033168366554790888e-24 0.000000000000000000e+00
0.000000000000000000e+00 1.000000000000000000e+00 1.433546125718992543e-34 0.000000000000000000e+00
0.000000000000000000e+00 1.000000000000000000e+00 1.333671533898323097e-33 0.000000000000000000e+00
0.000000000000000000e+00 1.000000000000000000e+00 9.095434605179230563e-35 0.000000000000000000e+00
0.000000000000000000e+00 1.000000000000000000e+00 1.094357498948870264e-31 0.000000000000000000e+00
0.000000000000000000e+00 1.000000000000000000e+00 5.853519293471907198e-32 0.000000000000000000e+00
0.000000000000000000e+00 1.000000000000000000e+00 2.871821935275040140e-23 0.000000000000000000e+00
0.000000000000000000e+00 1.000000000000000000e+00 5.645235050345569499e-23 0.000000000000000000e+00
0.000000000000000000e+00 1.000000000000000000e+00 1.701243015435186763e-33 0.000000000000000000e+00
0.000000000000000000e+00 1.000000000000000000e+00 7.492652153748009494e-24 0.000000000000000000e+00
0.000000000000000000e+00 1.000000000000000000e+00 1.633026506863076995e-33 0.000000000000000000e+00
0.000000000000000000e+00 1.000000000000000000e+00 6.276466886385056549e-30 0.000000000000000000e+00
0.000000000000000000e+00 1.000000000000000000e+00 1.684138984883547069e-32 0.000000000000000000e+00
0.000000000000000000e+00 1.000000000000000000e+00 6.798057803969210357e-31 0.000000000000000000e+00
0.000000000000000000e+00 1.000000000000000000e+00 1.429755959998182048e-34 0.000000000000000000e+00
0.000000000000000000e+00 1.000000000000000000e+00 2.215241696185628132e-28 0.000000000000000000e+00
0.000000000000000000e+00 1.000000000000000000e+00 6.946952568921200505e-26 0.000000000000000000e+00
0.000000000000000000e+00 1.000000000000000000e+00 1.282774017254376524e-27 0.000000000000000000e+00
0.000000000000000000e+00 1.000000000000000000e+00 8.657195187034408261e-36 0.000000000000000000e+00
0.000000000000000000e+00 1.000000000000000000e+00 1.370993314233037641e-32 0.000000000000000000e+00
0.000000000000000000e+00 1.000000000000000000e+00 5.405384039271591078e-33 0.000000000000000000e+00
0.000000000000000000e+00 1.000000000000000000e+00 4.311623012694476586e-24 0.000000000000000000e+00
0.000000000000000000e+00 1.000000000000000000e+00 3.557051077763385617e-31 0.000000000000000000e+00
0.000000000000000000e+00 1.000000000000000000e+00 1.150925325028651645e-33 0.000000000000000000e+00
0.000000000000000000e+00 1.000000000000000000e+00 5.395760138451714389e-34 0.000000000000000000e+00
0.000000000000000000e+00 1.000000000000000000e+00 7.754720057572363375e-30 0.000000000000000000e+00
0.000000000000000000e+00 1.000000000000000000e+00 1.717159062008526683e-32 0.000000000000000000e+00
0.000000000000000000e+00 1.000000000000000000e+00 4.035343742389803221e-31 0.000000000000000000e+00
0.000000000000000000e+00 1.000000000000000000e+00 2.980659158973275547e-29 0.000000000000000000e+00
0.000000000000000000e+00 1.000000000000000000e+00 9.486713135359241571e-32 0.000000000000000000e+00
0.000000000000000000e+00 1.000000000000000000e+00 4.200170803537616034e-34 0.000000000000000000e+00
0.000000000000000000e+00 1.000000000000000000e+00 7.731405344055740585e-25 0.000000000000000000e+00
0.000000000000000000e+00 1.000000000000000000e+00 2.449390274147389361e-31 0.000000000000000000e+00
0.000000000000000000e+00 1.000000000000000000e+00 1.732716288931278100e-30 0.000000000000000000e+00
0.000000000000000000e+00 1.000000000000000000e+00 2.329147837554997397e-27 0.000000000000000000e+00
0.000000000000000000e+00 1.000000000000000000e+00 3.980270112258524024e-26 0.000000000000000000e+00
0.000000000000000000e+00 1.000000000000000000e+00 3.677416611612620550e-25 0.000000000000000000e+00
0.000000000000000000e+00 1.000000000000000000e+00 3.178834810430607956e-27 0.000000000000000000e+00
0.000000000000000000e+00 1.000000000000000000e+00 5.531638532528897808e-29 0.000000000000000000e+00
0.000000000000000000e+00 1.000000000000000000e+00 7.097966661790548056e-30 0.000000000000000000e+00
0.000000000000000000e+00 1.000000000000000000e+00 3.795799828499787551e-33 0.000000000000000000e+00
0.000000000000000000e+00 1.000000000000000000e+00 7.635669215718391135e-35 0.000000000000000000e+00
0.000000000000000000e+00 1.000000000000000000e+00 6.737970989176510400e-26 0.000000000000000000e+00
0.000000000000000000e+00 1.000000000000000000e+00 8.945780341597944566e-36 0.000000000000000000e+00
0.000000000000000000e+00 1.000000000000000000e+00 2.634833279197843265e-35 0.000000000000000000e+00
0.000000000000000000e+00 1.000000000000000000e+00 1.640905071903806512e-28 0.000000000000000000e+00
0.000000000000000000e+00 1.000000000000000000e+00 9.506884476156323711e-26 0.000000000000000000e+00
0.000000000000000000e+00 1.000000000000000000e+00 0.000000000000000000e+00 0.000000000000000000e+00
0.000000000000000000e+00 1.000000000000000000e+00 1.547777525957933840e-32 0.000000000000000000e+00
0.000000000000000000e+00 1.000000000000000000e+00 1.454430226515350084e-31 0.000000000000000000e+00
0.000000000000000000e+00 1.000000000000000000e+00 5.214598264541501062e-31 0.000000000000000000e+00
0.000000000000000000e+00 1.000000000000000000e+00 2.699471417347888491e-25 0.000000000000000000e+00
0.000000000000000000e+00 1.000000000000000000e+00 1.536339931505958390e-27 0.000000000000000000e+00
0.000000000000000000e+00 1.000000000000000000e+00 0.000000000000000000e+00 0.000000000000000000e+00
0.000000000000000000e+00 1.000000000000000000e+00 4.176087185646524757e-30 0.000000000000000000e+00
0.000000000000000000e+00 1.000000000000000000e+00 1.369626841080292599e-35 0.000000000000000000e+00
0.000000000000000000e+00 1.000000000000000000e+00 0.000000000000000000e+00 0.000000000000000000e+00
0.000000000000000000e+00 1.000000000000000000e+00 4.754107756561676509e-31 0.000000000000000000e+00
0.000000000000000000e+00 1.000000000000000000e+00 2.947055284261605947e-23 0.000000000000000000e+00
0.000000000000000000e+00 1.000000000000000000e+00 3.627243810907708506e-34 0.000000000000000000e+00
0.000000000000000000e+00 1.000000000000000000e+00 1.283018802950308142e-27 0.000000000000000000e+00
0.000000000000000000e+00 1.000000000000000000e+00 5.498487620766781841e-27 0.000000000000000000e+00
0.000000000000000000e+00 1.000000000000000000e+00 4.545384566192832107e-34 0.000000000000000000e+00
0.000000000000000000e+00 1.000000000000000000e+00 1.156527336212037188e-34 0.000000000000000000e+00
0.000000000000000000e+00 1.000000000000000000e+00 3.624575851991074625e-33 0.000000000000000000e+00
0.000000000000000000e+00 1.000000000000000000e+00 0.000000000000000000e+00 0.000000000000000000e+00
0.000000000000000000e+00 1.000000000000000000e+00 6.628839207339233693e-23 0.000000000000000000e+00
0.000000000000000000e+00 1.000000000000000000e+00 6.980904627808472504e-33 0.000000000000000000e+00
0.000000000000000000e+00 1.000000000000000000e+00 3.058265709788574458e-29 0.000000000000000000e+00
0.000000000000000000e+00 1.000000000000000000e+00 2.329999268518777884e-36 0.000000000000000000e+00
0.000000000000000000e+00 1.000000000000000000e+00 2.953650476973615695e-23 0.000000000000000000e+00
0.000000000000000000e+00 1.000000000000000000e+00 1.239745179326368559e-28 0.000000000000000000e+00
0.000000000000000000e+00 1.000000000000000000e+00 3.978457884403228550e-29 0.000000000000000000e+00
0.000000000000000000e+00 1.000000000000000000e+00 8.568055319414783601e-30 0.000000000000000000e+00
0.000000000000000000e+00 1.000000000000000000e+00 3.520188868180624030e-37 0.000000000000000000e+00
0.000000000000000000e+00 1.000000000000000000e+00 7.926064176656696444e-29 0.000000000000000000e+00
0.000000000000000000e+00 1.000000000000000000e+00 4.880009522250246517e-24 0.000000000000000000e+00
0.000000000000000000e+00 1.000000000000000000e+00 0.000000000000000000e+00 0.000000000000000000e+00
0.000000000000000000e+00 1.000000000000000000e+00 7.958622201041703991e-32 0.000000000000000000e+00
